-4.157000000000001805e-01
2.719000000000006967e-01
-3.889999999999976116e-02
1.007000000000000395e-01
3.653999999999998916e-01
4.299999999999626170e-03
-2.437999999999998779e-01
6.419999999999997931e-02
6.419999999999999318e-02
6.420000000000007645e-02
-6.761000000000005894e-01
4.102000000000002866e-01
5.972999999999999421e-01
-5.679000000000002935e-01
1.514064563272773598e-02
-3.995940412294269883e-01
3.758947731680452042e-01
-4.783172526759622567e-01
1.508845212042379258e-01
1.811814470840630575e-01
-7.013837420449975379e-02
1.844419385112742726e-01
-5.005477160197961961e-01
4.302903846612067817e-01
-2.798444998913828807e-01
9.731197183348271051e-02
9.731197183348271051e-02
9.799211504627376723e-02
9.799211504627376723e-02
-4.157000000000000139e-01
2.718999999999999750e-01
-3.889999999999989994e-02
1.006999999999999285e-01
3.654000000000000026e-01
4.299999999999985258e-03
-2.437999999999999889e-01
6.419999999999990992e-02
6.419999999999995155e-02
6.419999999999999318e-02
-6.761000000000000343e-01
4.102000000000000646e-01
5.973000000000000531e-01
-5.679000000000001824e-01
7.877244351492880547e-02
-2.523169695054532924e-01
1.926418929598806562e-01
-1.364478917504763356e-01
-1.364478917504763633e-01
2.537984165315971818e-01
